		X                 	 Y 		              Z
-5.216296657882820E-03 -5.139436247090928E-03 1.708593667133784E-04
-5.209016714173012E-03 -5.142220343801174E-03 1.707355158009324E-04
-5.201737341990889E-03 -5.144993021929184E-03 1.706116992268706E-04
-5.194458584966396E-03 -5.147754373946438E-03 1.704879158056719E-04
-5.187180480257157E-03 -5.150504492196930E-03 1.703641638472031E-04
-5.179903059047126E-03 -5.153243468220693E-03 1.702404412551743E-04
-5.172626347097250E-03 -5.155971392234599E-03 1.701167456174794E-04
-5.165350365283848E-03 -5.158688352762535E-03 1.699930742831538E-04
-5.158075130133739E-03 -5.161394436381186E-03 1.698694244295552E-04
-5.150800654316739E-03 -5.164089727568642E-03 1.697457931171928E-04
-5.143526947093162E-03 -5.166774308631461E-03 1.696221773339883E-04
-5.136254014710690E-03 -5.169448259691493E-03 1.694985740299799E-04
-5.128981860750243E-03 -5.172111658715938E-03 1.693749801437874E-04
-5.121710486422844E-03 -5.174764581577236E-03 1.692513926221195E-04
-5.114439890821150E-03 -5.177407102132043E-03 1.691278084335481E-04
-5.107170071130226E-03 -5.180039292310917E-03 1.690042245776388E-04
-5.099901022802458E-03 -5.182661222212447E-03 1.688806380904250E-04
-5.092632739701512E-03 -5.185272960197198E-03 1.687570460470354E-04
-5.085365214219847E-03 -5.187874572978317E-03 1.686334455621566E-04
-5.078098437373897E-03 -5.190466125706719E-03 1.685098337888877E-04
-5.070832398880528E-03 -5.193047682049529E-03 1.683862079164166E-04
-5.063567087218143E-03 -5.195619304260973E-03 1.682625651668991E-04
-5.056302489675319E-03 -5.198181053245350E-03 1.681389027918459E-04
-5.049038592388754E-03 -5.200732988612484E-03 1.680152180681399E-04
-5.041775380373210E-03 -5.203275168725392E-03 1.678915082939643E-04
-5.034512837544602E-03 -5.205807650740842E-03 1.677677707846785E-04
-5.027250946737779E-03 -5.208330490643147E-03 1.676440028687820E-04
-5.019989689720070E-03 -5.210843743271640E-03 1.675202018840026E-04
-5.012729047201509E-03 -5.213347462342362E-03 1.673963651735773E-04
-5.005468998842450E-03 -5.215841700464370E-03 1.672724900827362E-04
-4.998209523259182E-03 -5.218326509151158E-03 1.671485739554288E-04
-4.990950598027975E-03 -5.220801938827539E-03 1.670246141312912E-04
-4.983692199687926E-03 -5.223268038832393E-03 1.669006079428561E-04
-4.976434303742896E-03 -5.225724857417558E-03 1.667765527130309E-04
-4.969176884662711E-03 -5.228172441743149E-03 1.666524457528063E-04
-4.961919915883803E-03 -5.230610837869503E-03 1.665282843592324E-04
-4.954663369809396E-03 -5.233040090745916E-03 1.664040658136302E-04
-4.947407217809294E-03 -5.235460244196280E-03 1.662797873800583E-04
-4.940151430219326E-03 -5.237871340901676E-03 1.661554463040197E-04
-4.932895976340493E-03 -5.240273422379911E-03 1.660310398114330E-04
-4.925640824437819E-03 -5.242666528961979E-03 1.659065651078540E-04
-4.918385941738921E-03 -5.245050699765281E-03 1.657820193779797E-04
-4.911131294432359E-03 -5.247425972663458E-03 1.656573997854319E-04
-4.903876847665775E-03 -5.249792384252618E-03 1.655327034728786E-04
-4.896622565543918E-03 -5.252149969813604E-03 1.654079275624823E-04
-4.889368411126659E-03 -5.254498763269961E-03 1.652830691567572E-04
-4.882114346427159E-03 -5.256838797141136E-03 1.651581253398650E-04
-4.874860332410457E-03 -5.259170102490377E-03 1.650330931794283E-04
-4.867606328992779E-03 -5.261492708866725E-03 1.649079697289379E-04
-4.860352295042044E-03 -5.263806644240363E-03 1.647827520308543E-04
-4.853098188380158E-03 -5.266111934930563E-03 1.646574371205305E-04
-4.845843965787879E-03 -5.268408605525348E-03 1.645320220310906E-04
-4.838589583013284E-03 -5.270696678791920E-03 1.644065037994444E-04
-4.831334994785133E-03 -5.272976175576875E-03 1.642808794736300E-04
-4.824080154832733E-03 -5.275247114695111E-03 1.641551461217320E-04
-4.816825015914665E-03 -5.277509512806879E-03 1.640293008426309E-04
-4.809569529858188E-03 -5.279763384280938E-03 1.639033407789124E-04
-4.802313647613630E-03 -5.282008741044771E-03 1.637772631322647E-04
-4.795057319326636E-03 -5.284245592420239E-03 1.636510651817598E-04
-4.787800494433159E-03 -5.286473944945051E-03 1.635247443054260E-04
-4.780543121782786E-03 -5.288693802181325E-03 1.633982980055298E-04
-4.773285149796556E-03 -5.290905164513107E-03 1.632717239379819E-04
-4.766026526666224E-03 -5.293108028936219E-03 1.631450199462176E-04
-4.758767200602639E-03 -5.295302388845798E-03 1.630181840998360E-04
-4.751507120141297E-03 -5.297488233829563E-03 1.628912147380602E-04
-4.744246234512914E-03 -5.299665549477930E-03 1.627641105178460E-04
-4.736984494085711E-03 -5.301834317225715E-03 1.626368704660410E-04
-4.729721850883763E-03 -5.303994514243951E-03 1.625094940344786E-04
-4.722458259181958E-03 -5.306146113404579E-03 1.623819811562028E-04
-4.715193676172494E-03 -5.308289083345077E-03 1.622543323001375E-04
-4.707928062689582E-03 -5.310423388661175E-03 1.621265485206897E-04
-4.700661383968847E-03 -5.312548990267528E-03 1.619986314968580E-04
-4.693393610402659E-03 -5.314665845921569E-03 1.618705835576960E-04
-4.686124718250159E-03 -5.316773910978051E-03 1.617424076848169E-04
-4.678854690231860E-03 -5.318873139339274E-03 1.616141074883800E-04
-4.671583515946793E-03 -5.320963484595074E-03 1.614856871513493E-04
-4.664311192044201E-03 -5.323044901323257E-03 1.613571513381831E-04
-4.657037722088217E-03 -5.325117346481231E-03 1.612285050679699E-04
-4.649763116076234E-03 -5.327180780794152E-03 1.610997535561378E-04
-4.642487389604286E-03 -5.329235170033060E-03 1.609709020328438E-04
-4.635210562710333E-03 -5.331280486077409E-03 1.608419555494859E-04
-4.627932658463598E-03 -5.333316707669618E-03 1.607129187871545E-04
-4.620653701399446E-03 -5.335343820793565E-03 1.605837958817019E-04
-4.613373715919571E-03 -5.337361818644097E-03 1.604545902791084E-04
-4.606092724780886E-03 -5.339370701199352E-03 1.603253046314993E-04
-4.598810747778206E-03 -5.341370474461670E-03 1.601959407380750E-04
-4.591527800690509E-03 -5.343361149461793E-03 1.600664995296168E-04
-4.584243894541216E-03 -5.345342741082560E-03 1.599369810965989E-04
-4.576959035174904E-03 -5.347315266851450E-03 1.598073847489297E-04
-4.569673223122353E-03 -5.349278745755007E-03 1.596777091003988E-04
-4.562386453716196E-03 -5.351233197151477E-03 1.595479521681459E-04
-4.555098717400419E-03 -5.353178639824378E-03 1.594181114784426E-04
-4.547810000175383E-03 -5.355115091199363E-03 1.592881841716127E-04
-4.540520284126459E-03 -5.357042566728661E-03 1.591581671009888E-04
-4.533229547992386E-03 -5.358961079434721E-03 1.590280569225465E-04
-4.525937767738339E-03 -5.360870639596640E-03 1.588978501733608E-04
-4.518644917107692E-03 -5.362771254558520E-03 1.587675433382008E-04
-4.511350968135278E-03 -5.364662928637656E-03 1.586371329044748E-04
-4.504055891612477E-03 -5.366545663111226E-03 1.585066154064100E-04
-4.496759657500508E-03 -5.368419456262424E-03 1.583759874596580E-04
-4.489462235291911E-03 -5.370284303469915E-03 1.582452457876729E-04
-4.482163594320928E-03 -5.372140197327093E-03 1.581143872410113E-04
-4.474863704025244E-03 -5.373987127779953E-03 1.579834088106973E-04
-4.467562534169561E-03 -5.375825082275922E-03 1.578523076372475E-04
-4.460260055028452E-03 -5.377654045916918E-03 1.577210810156621E-04
-4.452956237538335E-03 -5.379474001612306E-03 1.575897263976429E-04
-4.445651053421277E-03 -5.381284930228487E-03 1.574582413915569E-04
-4.438344475285056E-03 -5.383086810732968E-03 1.573266237607156E-04
-4.431036476703170E-03 -5.384879620331619E-03 1.571948714204295E-04
-4.423727032278011E-03 -5.386663334598332E-03 1.570629824341779E-04
-4.416416117689935E-03 -5.388437927596798E-03 1.569309550091861E-04
-4.409103709734602E-03 -5.390203371994350E-03 1.567987874916155E-04
-4.401789786350530E-03 -5.391959639168080E-03 1.566664783615371E-04
-4.394474326638546E-03 -5.393706699303591E-03 1.565340262278021E-04
-4.387157310874445E-03 -5.395444521486729E-03 1.564014298229167E-04
-4.379838720516023E-03 -5.397173073788758E-03 1.562686879979743E-04
-4.372518538205333E-03 -5.398892323345421E-03 1.561357997176955E-04
-4.365196747766962E-03 -5.400602236430301E-03 1.560027640556102E-04
-4.357873334202882E-03 -5.402302778522939E-03 1.558695801893986E-04
-4.350548283684340E-03 -5.403993914371991E-03 1.557362473964072E-04
-4.343221583541187E-03 -5.405675608053835E-03 1.556027650493433E-04
-4.335893222248900E-03 -5.407347823026855E-03 1.554691326121504E-04
-4.328563189413538E-03 -5.409010522181668E-03 1.553353496360689E-04
-4.321231475754788E-03 -5.410663667887448E-03 1.552014157558777E-04
-4.313898073087226E-03 -5.412307222034497E-03 1.550673306863203E-04
-4.306562974299887E-03 -5.413941146073136E-03 1.549330942187103E-04
-4.299226173334210E-03 -5.415565401048936E-03 1.547987062177211E-04
-4.291887665160393E-03 -5.417179947634273E-03 1.546641666183736E-04
-4.284547445752232E-03 -5.418784746156092E-03 1.545294754232179E-04
-4.277205512060439E-03 -5.420379756619783E-03 1.543946326997316E-04
-4.269861861984536E-03 -5.421964938728907E-03 1.542596385779553E-04
-4.262516494343342E-03 -5.423540251900563E-03 1.541244932483867E-04
-4.255169408844184E-03 -5.425105655276009E-03 1.539891969601740E-04
-4.247820606050941E-03 -5.426661107726179E-03 1.538537500196480E-04
-4.240470087351108E-03 -5.428206567851581E-03 1.537181527892533E-04
-4.233117854922194E-03 -5.429741993976014E-03 1.535824056869500E-04
-4.225763911697678E-03 -5.431267344133542E-03 1.534465091861480E-04
-4.218408261333177E-03 -5.432782576047839E-03 1.533104638163160E-04
-4.211050908173324E-03 -5.434287647103234E-03 1.531742701643497E-04
-4.203691857220203E-03 -5.435782514306512E-03 1.530379288768614E-04
-4.196331114104415E-03 -5.437267134238493E-03 1.529014406635698E-04
-4.188968685060111E-03 -5.438741462994358E-03 1.527648063019815E-04
-4.181604576905665E-03 -5.440205456111734E-03 1.526280266436148E-04
-4.174238797032094E-03 -5.441659068485512E-03 1.524911026220284E-04
-4.166871353401858E-03 -5.443102254268478E-03 1.523540352629745E-04
-4.159502254561238E-03 -5.444534966757049E-03 1.522168256970258E-04
-4.152131509670186E-03 -5.445957158261723E-03 1.520794751750657E-04
-4.144759128554268E-03 -5.447368779962427E-03 1.519419850870416E-04
-4.137385121784155E-03 -5.448769781749683E-03 1.518043569844191E-04
-4.130009500788959E-03 -5.450160112053605E-03 1.516665926067337E-04
-4.122632278010998E-03 -5.451539717664549E-03 1.515286939126310E-04
-4.115253467106861E-03 -5.452908543548586E-03 1.513906631155735E-04
-4.107873083210496E-03 -5.454266532672415E-03 1.512525027244734E-04
-4.100491143254442E-03 -5.455613625839122E-03 1.511142155887652E-04
-4.093107666365596E-03 -5.456949761556783E-03 1.509758049476231E-04
-4.085722674337247E-03 -5.458274875957754E-03 1.508372744820344E-04
-4.078336192175733E-03 -5.459588902789553E-03 1.506986283678489E-04
-4.070948248717199E-03 -5.460891773504558E-03 1.505598713271781E-04
-4.063558877301933E-03 -5.462183417478875E-03 1.504210086745020E-04
-4.056168116482239E-03 -5.463463762390462E-03 1.502820463528239E-04
-4.048776010726843E-03 -5.464732734782370E-03 1.501429909543639E-04
-4.041382611072090E-03 -5.465990260828463E-03 1.500038497198024E-04
-4.033987975659603E-03 -5.467236267305586E-03 1.498646305102248E-04
-4.026592170093395E-03 -5.468470682757720E-03 1.497253417467870E-04
-4.019195267548668E-03 -5.469693438813408E-03 1.495859923150647E-04
-4.011797348571222E-03 -5.470904471587570E-03 1.494465914340959E-04
-4.004398500527032E-03 -5.472103723073511E-03 1.493071484941186E-04
-3.996998816710569E-03 -5.473291142427148E-03 1.491676728717810E-04
-3.989598395111839E-03 -5.474466687035352E-03 1.490281737316600E-04
-3.982197336950992E-03 -5.475630323257586E-03 1.488886598331311E-04
-3.974795745054387E-03 -5.476782026794508E-03 1.487491393531413E-04
-3.967393722197474E-03 -5.477921782648552E-03 1.486096197392488E-04
-3.959991369542053E-03 -5.479049584690019E-03 1.484701076035086E-04
-3.952588785270441E-03 -5.480165434888410E-03 1.483306086617456E-04
-3.945186063488750E-03 -5.481269342295783E-03 1.481911277177225E-04
-3.937783293438569E-03 -5.482361321880184E-03 1.480516686878047E-04
-3.930380559023994E-03 -5.483441393305333E-03 1.479122346588950E-04
-3.922977938631909E-03 -5.484509579741273E-03 1.477728279706800E-04
-3.915575505200751E-03 -5.485565906772271E-03 1.476334503126776E-04
-3.908173326479530E-03 -5.486610401446179E-03 1.474941028271169E-04
-3.900771465417599E-03 -5.487643091486704E-03 1.473547862104438E-04
-3.893369980639529E-03 -5.488664004669702E-03 1.472155008091762E-04
-3.885968926968232E-03 -5.489673168355337E-03 1.470762467073942E-04
-3.878568355932706E-03 -5.490670609166810E-03 1.469370238007690E-04
-3.871168316270122E-03 -5.491656352782908E-03 1.467978318607313E-04
-3.863768854383318E-03 -5.492630423830726E-03 1.466586705862916E-04
-3.856370014751795E-03 -5.493592845854555E-03 1.465195396453069E-04
-3.848971840290909E-03 -5.494543641342315E-03 1.463804387062388E-04
-3.841574372659124E-03 -5.495482831793123E-03 1.462413674617128E-04
-3.834177652515533E-03 -5.496410437812777E-03 1.461023256451751E-04
-3.826781719731374E-03 -5.497326479226488E-03 1.459633130418498E-04
-3.819386613560245E-03 -5.498230975200659E-03 1.458243294951048E-04
-3.811992372771946E-03 -5.499123944367451E-03 1.456853749091898E-04
-3.804599035754876E-03 -5.500005404947666E-03 1.455464492491510E-04
-3.797206640591538E-03 -5.500875374868803E-03 1.454075525386153E-04
-3.789815225111259E-03 -5.501733871876232E-03 1.452686848559712E-04
-3.782424826923782E-03 -5.502580913636240E-03 1.451298463293976E-04
-3.775035483437091E-03 -5.503416517830107E-03 1.449910371311025E-04
-3.767647231862404E-03 -5.504240702238911E-03 1.448522574710797E-04
-3.760260109208140E-03 -5.505053484819410E-03 1.447135075905080E-04
-3.752874152265559E-03 -5.505854883770783E-03 1.445747877550695E-04
-3.745489397587275E-03 -5.506644917592892E-03 1.444360982482329E-04
-3.738105881460219E-03 -5.507423605136383E-03 1.442974393646281E-04
-3.730723639874158E-03 -5.508190965645109E-03 1.441588114035674E-04
-3.723342708486716E-03 -5.508947018791371E-03 1.440202146627719E-04
-3.715963122585663E-03 -5.509691784704403E-03 1.438816494323220E-04
-3.708584917049092E-03 -5.510425283992574E-03 1.437431159888664E-04
-3.701208126303982E-03 -5.511147537759694E-03 1.436046145900962E-04
-3.693832784283541E-03 -5.511858567615774E-03 1.434661454694932E-04
-3.686458924383650E-03 -5.512558395682591E-03 1.433277088313596E-04
-3.679086579418646E-03 -5.513247044594285E-03 1.431893048461229E-04
-3.671715781576628E-03 -5.513924537493249E-03 1.430509336459248E-04
-3.664346562374462E-03 -5.514590898021460E-03 1.429125953204906E-04
-3.656978952612568E-03 -5.515246150307375E-03 1.427742899132773E-04
-3.649612982329591E-03 -5.515890318948499E-03 1.426360174179147E-04
-3.642248680757050E-03 -5.516523428989574E-03 1.424977777749340E-04
-3.634886076274001E-03 -5.517145505896415E-03 1.423595708688020E-04
-3.627525196361795E-03 -5.517756575525262E-03 1.422213965252748E-04
-3.620166067558984E-03 -5.518356664087475E-03 1.420832545090908E-04
-3.612808715416480E-03 -5.518945798109412E-03 1.419451445220310E-04
-3.605453164453049E-03 -5.519524004387122E-03 1.418070662013823E-04
-3.598099438111317E-03 -5.520091309935553E-03 1.416690191188440E-04
-3.590747558714457E-03 -5.520647741931816E-03 1.415310027799438E-04
-3.583397547423862E-03 -5.521193327651987E-03 1.413930166240212E-04
-3.576049424198163E-03 -5.521728094400885E-03 1.412550600248673E-04
-3.568703207754053E-03 -5.522252069434090E-03 1.411171322921254E-04
-3.561358915529587E-03 -5.522765279871486E-03 1.409792326735703E-04
-3.554016563650778E-03 -5.523267752601461E-03 1.408413603584141E-04
-3.546676166902525E-03 -5.523759514174863E-03 1.407035144818228E-04
-3.539337738705260E-03 -5.524240590687744E-03 1.405656941308220E-04
-3.532001291098943E-03 -5.524711007651850E-03 1.404278983518709E-04
-3.524666834736801E-03 -5.525170789852305E-03 1.402901261603253E-04
-3.517334378890725E-03 -5.525619961190554E-03 1.401523765521636E-04
-3.510003931472636E-03 -5.526058544513498E-03 1.400146485182788E-04
-3.502675499074798E-03 -5.526486561427311E-03 1.398769410617344E-04
-3.495349087033993E-03 -5.526904032096352E-03 1.397392532184101E-04
-3.488024699525236E-03 -5.527310975028541E-03 1.396015840814450E-04
-3.480702339691235E-03 -5.527707406849209E-03 1.394639328298868E-04
-3.473382009814610E-03 -5.528093342066876E-03 1.393262987619066E-04
-3.466063711540562E-03 -5.528468792836531E-03 1.391886813328336E-04
-3.458747446158084E-03 -5.528833768728620E-03 1.390510801980899E-04
-3.451433214947505E-03 -5.529188276515166E-03 1.389134952607879E-04
-3.444121019600963E-03 -5.529532319987957E-03 1.387759267234072E-04
-3.436810862719990E-03 -5.529865899827707E-03 1.386383751423637E-04
-3.429502748390431E-03 -5.530189013547168E-03 1.385008414836352E-04
-3.422196682829228E-03 -5.530501655535525E-03 1.383633271766955E-04
-3.414892675089165E-03 -5.530803817232358E-03 1.382258341631879E-04
-3.407590737797029E-03 -5.531095487471030E-03 1.380883649348184E-04
-3.400290887886644E-03 -5.531376652986166E-03 1.379509225573737E-04
-3.392993147283200E-03 -5.531647299152541E-03 1.378135106713765E-04
-3.385697543469373E-03 -5.531907410918825E-03 1.376761334659779E-04
-3.378404109870686E-03 -5.532156973929139E-03 1.375387956209393E-04
-3.371112885992034E-03 -5.532395975801538E-03 1.374015022129773E-04
-3.363823917244857E-03 -5.532624407492486E-03 1.372642585867280E-04
-3.356537254427459E-03 -5.532842264651399E-03 1.371270701947196E-04
-3.349252952854045E-03 -5.533049548858123E-03 1.369899424147160E-04
-3.341971071165733E-03 -5.533246268638221E-03 1.368528803560680E-04
-3.334691669893793E-03 -5.533432440165005E-03 1.367158886689609E-04
-3.327414809876248E-03 -5.533608087582442E-03 1.365789713712191E-04
-3.320140550648362E-03 -5.533773242918667E-03 1.364421317061938E-04
-3.312868948930009E-03 -5.533927945604734E-03 1.363053720418300E-04
-3.305600057313229E-03 -5.534072241666497E-03 1.361686938148268E-04
-3.298333923217267E-03 -5.534206182685537E-03 1.360320975182429E-04
-3.291070588160723E-03 -5.534329824585891E-03 1.358955827324447E-04
-3.283810087349369E-03 -5.534443226395499E-03 1.357591481871115E-04
-3.276552449551214E-03 -5.534546449034147E-03 1.356227918474471E-04
-3.269297697219659E-03 -5.534639554203087E-03 1.354865110148773E-04
-3.262045846807693E-03 -5.534722603417619E-03 1.353503024336085E-04
-3.254796909214919E-03 -5.534795657203722E-03 1.352141623960091E-04
-3.247550890315896E-03 -5.534858774462128E-03 1.350780868417891E-04
-3.240307791526481E-03 -5.534912011990859E-03 1.349420714477537E-04
-3.233067610373701E-03 -5.534955424149410E-03 1.348061117063438E-04
-3.225830341043795E-03 -5.534989062643633E-03 1.346702029923439E-04
-3.218595974891613E-03 -5.535012976409167E-03 1.345343406180297E-04
-3.211364500902168E-03 -5.535027211572270E-03 1.343985198776459E-04
-3.204135906100931E-03 -5.535031811469165E-03 1.342627360824326E-04
-3.196910175913051E-03 -5.535026816707951E-03 1.341269845875362E-04
-3.189687294472357E-03 -5.535012265259731E-03 1.339912608119621E-04
-3.182467244882676E-03 -5.534988192567962E-03 1.338555602527059E-04
-3.175250009441900E-03 -5.534954631668535E-03 1.337198784946315E-04
-3.168035569826319E-03 -5.534911613313918E-03 1.335842112164160E-04
-3.160823907245009E-03 -5.534859166097187E-03 1.334485541937913E-04
-3.153615002566953E-03 -5.534797316572725E-03 1.333129033006050E-04
-3.146408836425284E-03 -5.534726089371517E-03 1.331772545082595E-04
-3.139205389302322E-03 -5.534645507309795E-03 1.330416038839785E-04
-3.132004641598551E-03 -5.534555591490282E-03 1.329059475882408E-04
-3.124806573688280E-03 -5.534456361395779E-03 1.327702818716623E-04
-3.117611165964273E-03 -5.534347834975085E-03 1.326346030715355E-04
-3.110418398873330E-03 -5.534230028721481E-03 1.324989076081832E-04
-3.103228252944409E-03 -5.534102957744118E-03 1.323631919812564E-04
-3.096040708810647E-03 -5.533966635832711E-03 1.322274527660540E-04
-3.088855747226364E-03 -5.533821075515999E-03 1.320916866099398E-04
-3.081673349079947E-03 -5.533666288114412E-03 1.319558902288944E-04
-3.074493495403339E-03 -5.533502283787373E-03 1.318200604042341E-04
-3.067316167378726E-03 -5.533329071575707E-03 1.316841939795200E-04
-3.060141346342844E-03 -5.533146659439434E-03 1.315482878576601E-04
-3.052969013789313E-03 -5.532955054291350E-03 1.314123389982210E-04
-3.045799151369246E-03 -5.532754262026657E-03 1.312763444149365E-04
-3.038631740890348E-03 -5.532544287548858E-03 1.311403011734283E-04
-3.031466764314680E-03 -5.532325134792139E-03 1.310042063891280E-04
-3.024304203755179E-03 -5.532096806740335E-03 1.308680572254004E-04
-3.017144041471033E-03 -5.531859305442608E-03 1.307318508918759E-04
-3.009986259861960E-03 -5.531612632025835E-03 1.305955846429804E-04
-3.002830841461441E-03 -5.531356786703720E-03 1.304592557766881E-04
-2.995677768928940E-03 -5.531091768782526E-03 1.303228616334880E-04
-2.988527025041147E-03 -5.530817576663322E-03 1.301863995955879E-04
-2.981378592682292E-03 -5.530534207840524E-03 1.300498670863783E-04
-2.974232454833590E-03 -5.530241658896491E-03 1.299132615701680E-04
-2.967088594561921E-03 -5.529939925491843E-03 1.297765805522499E-04
-2.959946995007852E-03 -5.529629002351089E-03 1.296398215793115E-04
-2.952807639373212E-03 -5.529308883243126E-03 1.295029822402798E-04
-2.945670510908503E-03 -5.528979560955982E-03 1.293660601676342E-04
-2.938535592900401E-03 -5.528641027265300E-03 1.292290530392992E-04
-2.931402868659988E-03 -5.528293272895656E-03 1.290919585812048E-04
-2.924272321512206E-03 -5.527936287474049E-03 1.289547745706479E-04
-2.917143934787405E-03 -5.527570059474659E-03 1.288174988405860E-04
-2.910017691816047E-03 -5.527194576153849E-03 1.286801292850533E-04
-2.902893575927922E-03 -5.526809823474467E-03 1.285426638659041E-04
-2.895771570457562E-03 -5.526415786018412E-03 1.284051006211135E-04
-2.888651658757966E-03 -5.526012446886505E-03 1.282674376749166E-04
-2.881533824225312E-03 -5.525599787584747E-03 1.281296732500947E-04
-2.874418050337860E-03 -5.525177787896316E-03 1.279918056827770E-04
-2.867304320712988E-03 -5.524746425738915E-03 1.278538334401204E-04
-2.860192619187028E-03 -5.524305677007767E-03 1.277157551413018E-04
-2.853082929923360E-03 -5.523855515405198E-03 1.275775695822197E-04
-2.845975237555159E-03 -5.523395912258952E-03 1.274392757643368E-04
-2.838869527370336E-03 -5.522926836333186E-03 1.273008729280147E-04
-2.831765785543666E-03 -5.522448253635348E-03 1.271623605905456E-04
-2.824663999431651E-03 -5.521960127234053E-03 1.270237385890747E-04
-2.817564157926350E-03 -5.521462417089140E-03 1.268850071279561E-04
-2.810466251884330E-03 -5.520955079916521E-03 1.267461668301959E-04
-2.803370274632276E-03 -5.520438069105828E-03 1.266072187916336E-04
-2.796276222547283E-03 -5.519911334711995E-03 1.264681646359685E-04
-2.789184095706872E-03 -5.519374823548184E-03 1.263290065679193E-04
-2.782093898595572E-03 -5.518828479410594E-03 1.261897474208356E-04
-2.775005640843293E-03 -5.518272243465134E-03 1.260503906940188E-04
-2.767919337957688E-03 -5.517706054821487E-03 1.259109405742095E-04
-2.760835011999987E-03 -5.517129851311133E-03 1.257714019352488E-04
-2.753752692143369E-03 -5.516543570472359E-03 1.256317803100844E-04
-2.746672415046620E-03 -5.515947150726319E-03 1.254920818302387E-04
-2.739594224975509E-03 -5.515340532703968E-03 1.253523131298491E-04
-2.732518173611833E-03 -5.514723660653263E-03 1.252124812145151E-04
-2.725444319511406E-03 -5.514096483831115E-03 1.250725932992276E-04
-2.718372727221584E-03 -5.513458957782239E-03 1.249326566243348E-04
-2.711303466060695E-03 -5.512811045395942E-03 1.247926782586741E-04
-2.704236608670723E-03 -5.512152717632914E-03 1.246526649088957E-04
-2.697172229418166E-03 -5.511483953876868E-03 1.245126227455458E-04
-2.690110402769176E-03 -5.510804741878915E-03 1.243725572600954E-04
-2.683051201765960E-03 -5.510115077311111E-03 1.242324731632174E-04
-2.675994696705370E-03 -5.509414962990878E-03 1.240923743285343E-04
-2.668940954089719E-03 -5.508704407864255E-03 1.239522637810550E-04
-2.661890035886874E-03 -5.507983425846272E-03 1.238121437256846E-04
-2.654841999104568E-03 -5.507252034614261E-03 1.236720156084147E-04
-2.647796895655308E-03 -5.506510254437743E-03 1.235318802011969E-04
-2.640754772466136E-03 -5.505758107109819E-03 1.233917377010019E-04
-2.633715671774675E-03 -5.504995615022769E-03 1.232515878341859E-04
-2.626679631552087E-03 -5.504222800408035E-03 1.231114299590916E-04
-2.619646686007707E-03 -5.503439684740990E-03 1.229712631626778E-04
-2.612616866138960E-03 -5.502646288301925E-03 1.228310863485556E-04
-2.605590200263551E-03 -5.501842629882668E-03 1.226908983115080E-04
-2.598566714544201E-03 -5.501028726607064E-03 1.225506978020324E-04
-2.591546433467396E-03 -5.500204593850956E-03 1.224104835785511E-04
-2.584529380274555E-03 -5.499370245237964E-03 1.222702544490624E-04
-2.577515577340621E-03 -5.498525692692571E-03 1.221300093033070E-04
-2.570505046500027E-03 -5.497670946534309E-03 1.219897471367525E-04
-2.563497809322352E-03 -5.496806015599900E-03 1.218494670676840E-04
